Tx Code's:
---------------------------------------------------------------------------------------------------------------------
Ch#1.flash: 		11111111 110100110010100001
CH#1.licht:  		11111111 11111111 ??
CH#1.power-up: 	11111111 11111111 110010011010100000 11111111 110010011010100000 11111111 110010011010100000 11111111
CH#1.power-dw: 	11111111 11111111 001001101010000010 11111111 001001101010000010 11111111 001001101010000010 11111111  

Ch#2.flash: 		11111111 110100110010100011
CH#2.licht:  		11111111 11111111 ?? 
CH#2.power-up: 	11111111 11111111 110010011010100010 11111111 110010011010100010 11111111 110010011010100010 11111111
CH#2.power-dw: 	11111111 11111111 001001101010001010 11111111 001001101010001010 11111111 001001101010001010 11111111

Ch#3.flash: 		11111111 110100110010100101 
CH#3.licht:  		11111111 11111111 ??
CH#3.power-up: 	11111111 11111111 110010011010100100 11111111 110010011010100100 11111111 110010011010100100 11111111
CH#3.power-dw: 	11111111 11111111 001001101010010010 11111111 001001101010010010 11111111 001001101010010010 11111111  

Ch#A.flash: 		11111111 110100110010100111
CH#A.licht:  		11111111 11111111 ??
CH#A.power-up: 	11111111 11111111 110010011010100110 11111111 110010011010100110 11111111 110010011010100110 11111111  
CH#A.power-dw: 	11111111 11111111 001001101010011010 11111111 001001101010011010 11111111 001001101010011010 11111111  
---------------------------------------------------------------------------------------------------------------------




